ARIS budget vs accuracy (mean over difficulties 0.1..0.9)

   B     ARIS   BEST-1    SNELL  UNIFORM  ARIS-vs-Snell
   1    0.491    0.491    0.306    0.448         +0.185
   2    0.678    0.638    0.429    0.628         +0.249
   4    0.871    0.845    0.586    0.816         +0.285
   8    0.980    0.976    0.752    0.949         +0.229
  16    1.000    0.999    0.883    0.995         +0.117
  32    1.000    1.000    0.960    1.000         +0.040
  64    1.000    1.000    0.993    1.000         +0.007
